(4, 2.0, 0.2, 1) : 1.0
(4, 2.0, 0.2, 2) : 1.0
(4, 2.0, 0.2, 3) : 1.0
(4, 2.0, 0.2, 4) : 1.0
(4, 2.0, 0.6, 1) : 1.0
(4, 2.0, 0.6, 2) : 1.0
(4, 2.0, 0.6, 3) : 1.0
(4, 2.0, 0.6, 4) : 1.0
(4, 2.0, 1, 1) : 1.0
(4, 2.0, 1, 2) : 1.0
(4, 2.0, 1, 3) : 1.0
(4, 2.0, 1, 4) : 1.0
(6, 3.0, 0.2, 1) : 1.0
(6, 3.0, 0.2, 2) : 1.0
(6, 3.0, 0.2, 3) : 1.0
(6, 3.0, 0.2, 4) : 1.0
(6, 3.0, 0.6, 1) : 1.0
(6, 3.0, 0.6, 2) : 1.0
(6, 3.0, 0.6, 3) : 1.0
(6, 3.0, 0.6, 4) : 1.0
(6, 3.0, 1, 1) : 1.0
(6, 3.0, 1, 2) : 1.0
(6, 3.0, 1, 3) : 1.0
(6, 3.0, 1, 4) : 1.0
(8, 4.0, 0.2, 1) : 1.0
(8, 4.0, 0.2, 2) : 1.0
(8, 4.0, 0.2, 3) : 1.0
(8, 4.0, 0.2, 4) : 1.0
(8, 4.0, 0.6, 1) : 1.0
(8, 4.0, 0.6, 2) : 1.0
(8, 4.0, 0.6, 3) : 1.0
(8, 4.0, 0.6, 4) : 1.0
(8, 4.0, 1, 1) : 1.0
(8, 4.0, 1, 2) : 1.0
(8, 4.0, 1, 3) : 1.0
(8, 4.0, 1, 4) : 1.0
(10, 5.0, 0.2, 1) : 1.0
(10, 5.0, 0.2, 2) : 1.0
(10, 5.0, 0.2, 3) : 1.0
(10, 5.0, 0.2, 4) : 1.0
(10, 5.0, 0.6, 1) : 1.0
(10, 5.0, 0.6, 2) : 1.0
(10, 5.0, 0.6, 3) : 1.0
(10, 5.0, 0.6, 4) : 1.0
(10, 5.0, 1, 1) : 1.0
(10, 5.0, 1, 2) : 1.0
(10, 5.0, 1, 3) : 1.0674307418256612
(10, 5.0, 1, 4) : 1.0
(12, 6.0, 0.2, 1) : 0.9950497716490136
(12, 6.0, 0.2, 2) : 1.0
(12, 6.0, 0.2, 3) : 1.0
(12, 6.0, 0.2, 4) : 0.9984431278573674
(12, 6.0, 0.6, 1) : 0.9956100128422681
(12, 6.0, 0.6, 2) : 0.9964557199149542
(12, 6.0, 0.6, 3) : 0.9944884281975853
(12, 6.0, 0.6, 4) : 0.9947458935068297
(12, 6.0, 1, 1) : 0.997209836734103
(12, 6.0, 1, 2) : 1.0
(12, 6.0, 1, 3) : 0.9893669753903387
(12, 6.0, 1, 4) : 0.997209836734103
(14, 7.0, 0.2, 1) : 0.9976397688375075
(14, 7.0, 0.2, 2) : 0.998665087178212
(14, 7.0, 0.2, 3) : 0.9964228885330966
(14, 7.0, 0.2, 4) : 0.9938077219359986
(14, 7.0, 0.6, 1) : 0.9940366505347549
(14, 7.0, 0.6, 2) : 0.996197610539983
(14, 7.0, 0.6, 3) : 0.9980537594287305
(14, 7.0, 0.6, 4) : 0.9911293165134899
(14, 7.0, 1, 1) : 0.994516714807072
(14, 7.0, 1, 2) : 0.9948873153154939
(14, 7.0, 1, 3) : 0.9980227542334261
(14, 7.0, 1, 4) : 1.0
(16, 8.0, 0.2, 1) : 0.9939055482934979
(16, 8.0, 0.2, 2) : 0.9978638139871979
(16, 8.0, 0.2, 3) : 0.9930063478761357
(16, 8.0, 0.2, 4) : 0.9946081265551213
(16, 8.0, 0.6, 1) : 0.9961056886574554
(16, 8.0, 0.6, 2) : 0.9876168913734144
(16, 8.0, 0.6, 3) : 0.9949307760390258
(16, 8.0, 0.6, 4) : 0.9952630473876887
(16, 8.0, 1, 1) : 0.9793033113668491
(16, 8.0, 1, 2) : 0.9973067012759653
(16, 8.0, 1, 3) : 0.9879761954141657
(16, 8.0, 1, 4) : 0.9964415331782823
(18, 9.0, 0.2, 1) : 0.9957103592547965
(18, 9.0, 0.2, 2) : 0.9954443786742477
(18, 9.0, 0.2, 3) : 0.9987631721260796
(18, 9.0, 0.2, 4) : 0.9972445839804038
(18, 9.0, 0.6, 1) : 0.9917664924249672
(18, 9.0, 0.6, 2) : 0.9971546097867761
(18, 9.0, 0.6, 3) : 0.9966315542409928
(18, 9.0, 0.6, 4) : 0.9948134005985665
(18, 9.0, 1, 1) : 0.9912605536253121
(18, 9.0, 1, 2) : 0.9843463653085102
(18, 9.0, 1, 3) : 0.9938798652636355
(18, 9.0, 1, 4) : 0.9951124452302077
